#Layer_Color=16711935
#
#Feature symbol names
#
$0 r10

#
#Feature attribute names
#

#
#Layer features
#
A 2.3228346 1.8503937 2.2047244 1.9685039 2.2047244 1.8503937 0 P 0 N
A 2.9527559 -0.2362204 3.0708661 -0.1181102 2.9527559 -0.1181102 0 P 0 N
L -0.0787402 -0.2362205 0.3740157 -0.2362205 0 P 0
L -0.0787402 1.9685039 0.492126 1.9685039 0 P 0
L 0.3740157 -0.2362205 0.4133858 -0.1968504 0 P 0
L -0.3937008 0.0787401 -0.0787402 -0.2362205 0 P 0
L -0.3937008 1.6535433 -0.0787402 1.9685039 0 P 0
L 0.4133858 -0.1968504 0.5511811 -0.1968504 0 P 0
L 0.492126 1.9685039 0.531496 1.9291339 0 P 0
L 0.531496 1.9291339 0.7086614 1.9291339 0 P 0
L -0.551181 0.0787401 -0.3937008 0.0787401 0 P 0
L -0.5511811 0.0787402 -0.551181 0.0787401 0 P 0
L -0.5511811 0.0787402 -0.5511811 1.6535433 0 P 0
L 0.5511811 -0.1968504 0.5905512 -0.2362205 0 P 0
L -0.5511811 1.6535433 -0.3937008 1.6535433 0 P 0
L 0.5905512 -0.2362205 1.0433071 -0.2362205 0 P 0
L 0.7086614 1.9291339 0.7480314 1.9685039 0 P 0
L 0.7480314 1.9685039 0.8661417 1.9685039 0 P 0
L 0.8661417 1.9685039 0.9055117 1.9291339 0 P 0
L 0.9055117 1.9291339 1.0629921 1.9291339 0 P 0
L 1.0433071 -0.2362205 1.0826772 -0.1968504 0 P 0
L 1.0629921 1.9291339 1.1023621 1.9685039 0 P 0
L 1.0826772 -0.1968504 1.2007874 -0.1968504 0 P 0
L 1.1023621 1.9685039 1.2795276 1.9685039 0 P 0
L 1.2007874 -0.1968504 1.2401575 -0.2362205 0 P 0
L 1.2401575 -0.2362205 1.515748 -0.2362205 0 P 0
L 1.2795276 1.9685039 1.3188976 1.9291339 0 P 0
L 1.3188976 1.9291339 1.8897638 1.9291339 0 P 0
L 1.515748 -0.2362205 1.5551181 -0.1968504 0 P 0
L 1.5551181 -0.1968504 1.6929136 -0.1968504 0 P 0
L 1.6929136 -0.1968504 1.7322836 -0.2362204 0 P 0
L 1.7322836 -0.2362204 2.9527559 -0.2362204 0 P 0
L 1.8897638 1.9291339 1.9291338 1.9685039 0 P 0
L 1.9291338 1.9685039 2.2047244 1.9685039 0 P 0
L 2.3228346 0.5511811 2.3228346 1.8503937 0 P 0
L 2.3228346 0.5511811 3.0708661 0.5511811 0 P 0
L 3.0708661 -0.1181102 3.0708661 0.5511811 0 P 0
