#Layer_Color=8388736
#
#Feature symbol names
#
$0 r78.7402

#
#Feature attribute names
#

#
#Layer features
#
A 0.3497233 0.6974017 0.3612549 0.6695621 0.3890944 0.6974017 0 P 0 N
A 0.3497234 0.6974017 0.3612549 0.6695621 0.3890945 0.6974016 0 P 0 N
A 0.3612549 0.6695621 0.3890945 0.6580305 0.3890945 0.6974016 0 P 0 N
A 0.3612549 0.6695621 0.3890945 0.6580306 0.3890944 0.6974017 0 P 0 N
A 0.3890944 2.3115759 0.3497233 2.2722048 0.3890944 2.2722048 0 P 0 N
A 0.3890944 2.3115759 0.3497233 2.2722048 0.3890944 2.2722048 0 P 0 N
A 0.8336957 0.3546014 0.8615353 0.3430699 0.8615353 0.382441 0 P 0 N
A 0.8336957 0.3546014 0.8615353 0.3430699 0.8615353 0.382441 0 P 0 N
A 0.8615353 2.6265365 0.8336957 2.615005 0.8615353 2.5871654 0 P 0 N
A 0.8615353 2.6265365 0.8336957 2.615005 0.8615353 2.5871654 0 P 0 N
A 1.3142912 0.3430699 1.3421308 0.3546014 1.3142912 0.382441 0 P 0 N
A 1.3142912 0.3430699 1.3421308 0.3546014 1.3142912 0.382441 0 P 0 N
A 1.4602411 2.615005 1.4324015 2.6265365 1.4324015 2.5871654 0 P 0 N
A 1.4602411 2.615005 1.4324015 2.6265365 1.4324015 2.5871654 0 P 0 N
A 1.5029871 0.3546014 1.5308267 0.3430699 1.5308267 0.382441 0 P 0 N
A 1.5029871 0.3546014 1.5308267 0.3430699 1.5308267 0.382441 0 P 0 N
A 1.6883069 2.6265365 1.6604673 2.615005 1.6883069 2.5871654 0 P 0 N
A 1.6883069 2.6265365 1.6604673 2.615005 1.6883069 2.5871654 0 P 0 N
A 1.8342568 2.615005 1.8064172 2.6265365 1.8064172 2.5871654 0 P 0 N
A 1.8342568 2.615005 1.8064172 2.6265365 1.8064172 2.5871654 0 P 0 N
A 1.9835826 0.3430699 2.0114222 0.3546014 1.9835826 0.382441 0 P 0 N
A 1.9835826 0.3430699 2.0114222 0.3546014 1.9835826 0.382441 0 P 0 N
A 2.0426376 2.6265365 2.014798 2.615005 2.0426376 2.5871654 0 P 0 N
A 2.0426376 2.6265365 2.014798 2.615005 2.0426376 2.5871654 0 P 0 N
A 2.1525934 0.3546014 2.180433 0.3430699 2.180433 0.382441 0 P 0 N
A 2.1525934 0.3546014 2.180433 0.3430699 2.180433 0.382441 0 P 0 N
A 2.2476427 2.615005 2.2198031 2.6265365 2.2198031 2.5871654 0 P 0 N
A 2.2476427 2.615005 2.2198031 2.6265365 2.2198031 2.5871654 0 P 0 N
A 2.4560235 0.3430699 2.4838631 0.3546014 2.4560235 0.382441 0 P 0 N
A 2.4560235 0.3430699 2.4838631 0.3546014 2.4560235 0.382441 0 P 0 N
A 2.6447195 0.3546015 2.6725591 0.34307 2.6725591 0.3824411 0 P 0 N
A 2.6447195 0.3546015 2.6725591 0.34307 2.6725591 0.3824411 0 P 0 N
A 2.8694093 2.6265365 2.8415697 2.615005 2.8694093 2.5871654 0 P 0 N
A 2.8694093 2.6265365 2.8415697 2.615005 2.8694093 2.5871654 0 P 0 N
A 3.3024812 2.4690552 3.1449999 2.6265365 3.1449999 2.4690552 0 P 0 N
A 3.8930314 0.34307 4.0505127 0.5005513 3.8930314 0.5005513 0 P 0 N
A 4.0505127 1.1698426 4.0111416 1.2092137 4.0111416 1.1698426 0 P 0 N
A 4.0505127 1.1698426 4.0111416 1.2092137 4.0111416 1.1698426 0 P 0 N
L 0.3497233 0.6974017 0.3497233 1.3779526 0 P 0
L 0.3497233 1.5748031 0.3497233 2.2722048 0 P 0
L 0.3890944 2.3115759 0.5302666 2.3115759 0 P 0
L 0.3890945 0.6580305 0.5302666 0.6580305 0 P 0
L 0.5302666 0.6580305 0.8336957 0.3546014 0 P 0
L 0.5302666 2.3115759 0.8336957 2.615005 0 P 0
L 0.8615353 0.3430699 0.9842519 0.3430699 0 P 0
L 0.8615353 2.6265365 0.9842519 2.6265365 0 P 0
L 1.1811024 0.3430699 1.3142912 0.3430699 0 P 0
L 1.1811024 2.6265365 1.4324015 2.6265365 0 P 0
L 1.3421308 0.3546014 1.3699694 0.38244 0 P 0
L 1.3699694 0.38244 1.4751485 0.38244 0 P 0
L 1.4602411 2.615005 1.4880796 2.5871665 0 P 0
L 1.4751485 0.38244 1.5029871 0.3546014 0 P 0
L 1.4880796 2.5871665 1.6326288 2.5871665 0 P 0
L 1.5308267 0.3430699 1.9835826 0.3430699 0 P 0
L 1.6326288 2.5871665 1.6604673 2.615005 0 P 0
L 1.6883069 2.6265365 1.8064172 2.6265365 0 P 0
L 1.8342568 2.615005 1.8620953 2.5871665 0 P 0
L 1.8620953 2.5871665 1.9869595 2.5871665 0 P 0
L 1.9869595 2.5871665 2.014798 2.615005 0 P 0
L 2.0114222 0.3546014 2.0392608 0.38244 0 P 0
L 2.0392608 0.38244 2.1247548 0.38244 0 P 0
L 2.0426376 2.6265365 2.2198031 2.6265365 0 P 0
L 2.1247548 0.38244 2.1525934 0.3546014 0 P 0
L 2.180433 0.3430699 2.4560235 0.3430699 0 P 0
L 2.2476427 2.615005 2.2754812 2.5871665 0 P 0
L 2.2754812 2.5871665 2.8137312 2.5871665 0 P 0
L 2.4838631 0.3546014 2.5117017 0.38244 0 P 0
L 2.5117017 0.38244 2.616881 0.38244 0 P 0
L 2.616881 0.38244 2.6447195 0.3546015 0 P 0
L 2.6725591 0.34307 2.9527558 0.34307 0 P 0
L 2.8137312 2.5871665 2.8415697 2.615005 0 P 0
L 2.8694093 2.6265365 2.9527558 2.6265365 0 P 0
L 3.1496063 0.34307 3.8930314 0.34307 0 P 0
L 3.3024812 1.2092137 3.3024812 1.9685039 0 P 0
L 3.3024812 1.2092137 4.0111416 1.2092137 0 P 0
L 3.3024812 2.1653544 3.3024812 2.4690552 0 P 0
L 4.0505127 0.5005513 4.0505127 0.5511811 0 P 0
L 4.0505127 0.7480315 4.0505127 1.1698426 0 P 0
