#Layer_Color=8388736
#
#Feature symbol names
#
$0 r78.7402

#
#Feature attribute names
#

#
#Layer features
#
A 0.3740147 0.5196849 0.3855462 0.4918453 0.4133858 0.5196849 0 P 0 N
A 0.3740147 0.5196849 0.3855462 0.4918453 0.4133858 0.5196849 0 P 0 N
A 0.3855462 2.4372881 0.3740147 2.4094485 0.4133858 2.4094485 0 P 0 N
A 0.3855462 2.4372881 0.3740147 2.4094485 0.4133858 2.4094485 0 P 0 N
A 0.5430264 0.3343651 0.570866 0.3228336 0.570866 0.3622047 0 P 0 N
A 0.5430264 0.3343651 0.570866 0.3228336 0.570866 0.3622047 0 P 0 N
A 0.5708659 2.6062997 0.5430263 2.5947682 0.5708659 2.5669286 0 P 0 N
A 0.5708659 2.6062997 0.5430263 2.5947682 0.5708659 2.5669286 0 P 0 N
A 1.0908311 2.5947682 1.0629915 2.6062997 1.0629915 2.5669286 0 P 0 N
A 1.0908311 2.5947682 1.0629915 2.6062997 1.0629915 2.5669286 0 P 0 N
A 1.4960627 2.6063001 1.4682231 2.5947686 1.4960627 2.566929 0 P 0 N
A 1.4960627 2.6063001 1.4682231 2.5947686 1.4960627 2.566929 0 P 0 N
A 1.8307085 0.3228336 1.8585481 0.3343651 1.8307085 0.3622047 0 P 0 N
A 1.8307085 0.3228336 1.8585481 0.3343651 1.8307085 0.3622047 0 P 0 N
A 1.8585481 2.5947686 1.8307085 2.6063001 1.8307085 2.566929 0 P 0 N
A 1.8585481 2.5947686 1.8307085 2.6063001 1.8307085 2.566929 0 P 0 N
A 2.1178296 0.3343651 2.1456692 0.3228336 2.1456692 0.3622047 0 P 0 N
A 2.1178296 0.3343651 2.1456692 0.3228336 2.1456692 0.3622047 0 P 0 N
A 2.145669 2.6063001 2.1178294 2.5947686 2.145669 2.566929 0 P 0 N
A 2.145669 2.6063001 2.1178294 2.5947686 2.145669 2.566929 0 P 0 N
A 3.602362 0.3228336 3.7598433 0.4803149 3.602362 0.4803149 0 P 0 N
A 3.7598433 2.4488188 3.602362 2.6063001 3.602362 2.4488188 0 P 0 N
L 0.3740147 0.5196849 0.3740147 1.3779528 0 P 0
L 0.3740147 1.5748033 0.3740147 2.4094485 0 P 0
L 0.3855462 0.4918453 0.5430264 0.3343651 0 P 0
L 0.3855462 2.4372881 0.5430263 2.5947682 0 P 0
L 0.5708659 2.6062997 0.6692912 2.6062997 0 P 0
L 0.570866 0.3228336 0.6692912 0.3228336 0 P 0
L 0.8661417 0.3228336 1.8307085 0.3228336 0 P 0
L 0.8661417 2.6062997 1.0629915 2.6062997 0 P 0
L 1.0908311 2.5947682 1.1186692 2.5669301 0 P 0
L 1.1186692 2.5669301 1.4403846 2.5669301 0 P 0
L 1.4403846 2.5669301 1.4682231 2.5947686 0 P 0
L 1.4960627 2.6063001 1.8307085 2.6063001 0 P 0
L 1.8585481 0.3343651 1.8863866 0.3622036 0 P 0
L 1.8585481 2.5947686 1.8863866 2.5669301 0 P 0
L 1.8863866 0.3622036 2.0899911 0.3622036 0 P 0
L 1.8863866 2.5669301 2.0899909 2.5669301 0 P 0
L 2.0899909 2.5669301 2.1178294 2.5947686 0 P 0
L 2.0899911 0.3622036 2.1178296 0.3343651 0 P 0
L 2.145669 2.6063001 2.8740156 2.6063001 0 P 0
L 2.1456692 0.3228336 2.8740156 0.3228336 0 P 0
L 3.0708661 0.3228336 3.602362 0.3228336 0 P 0
L 3.0708661 2.6063001 3.602362 2.6063001 0 P 0
L 3.7598433 0.4803149 3.7598433 1.3779528 0 P 0
L 3.7598433 1.5748033 3.7598433 2.4488188 0 P 0
